0.000000
0.000083
0.002716
0.002604
0.004647
0.069774
0.008629
0.015210
0.224946
0.018048
0.031720
0.467499
0.030845
0.054154
0.797064
0.047013
0.082497
1.213449
0.066550
0.116745
1.716577
0.089456
0.156898
2.306463
0.115734
0.202964
2.983202
0.145391
0.254953
3.746974
0.178439
0.312886
4.598055
0.214893
0.376790
5.536849
0.254775
0.446702
6.563925
0.298117
0.522681
7.680110
0.344966
0.604809
8.886633
0.395400
0.693218
10.185446
0.449549
0.788143
11.579963
0.507689
0.890062
13.077239
0.570613
1.000367
14.697703
24378.541296
42735.582974
627820.576709
