0.000000
0.000082
0.002668
0.000867
0.001600
0.024743
0.002589
0.004616
0.068680
0.005160
0.009121
0.134384
0.008579
0.015110
0.221811
0.012843
0.022581
0.330949
0.017952
0.031533
0.461806
0.023907
0.041969
0.614411
0.030710
0.053889
0.788810
0.038361
0.067297
0.985073
0.046864
0.082199
1.203295
0.056223
0.098602
1.443604
0.066444
0.116516
1.706178
0.077536
0.135957
1.991263
0.089510
0.156947
2.299223
0.102387
0.179519
2.630624
0.116201
0.203735
2.986438
0.131022
0.229720
3.368652
0.147054
0.257833
3.782929
18.221605
18.980474
29.224317
