E_nu_min_MeV E_nu_mid_MeV E_nu_max_MeV diag_sys_unc_relative_to_spectrum 1.9625 2.25 2.5 2.75 3.0 3.25 3.5 3.75 4.0 4.25 4.5 4.75 5.0 5.25 5.5 5.75 6.0 6.25 6.5 6.75 7.0 7.25 7.5 7.75 8.0 10.0625
1.800000 1.962500 2.125000 0.088153 1.000000 0.619197 0.612452 0.544290 0.430436 0.378081 0.298529 0.170413 0.145193 0.031609 -0.047455 -0.099077 -0.093672 -0.135313 -0.194073 -0.229731 -0.245076 -0.155606 -0.174337 -0.223802 -0.274433 -0.308965 -0.328164 -0.178269 -0.168114 -0.072930
2.125000 2.250000 2.375000 0.064477 0.619197 1.000000 0.703610 0.602918 0.492195 0.445083 0.356706 0.227557 0.203786 0.090863 0.013499 -0.041036 -0.038142 -0.065066 -0.115239 -0.152576 -0.167497 -0.101399 -0.111569 -0.150336 -0.191820 -0.218157 -0.229809 -0.122620 -0.112004 -0.046407
2.375000 2.500000 2.625000 0.036423 0.612452 0.703610 1.000000 0.925410 0.832576 0.794469 0.696111 0.530976 0.474498 0.307588 0.167033 0.056092 0.047524 -0.003961 -0.090300 -0.162935 -0.197160 -0.121091 -0.134958 -0.187421 -0.241249 -0.272454 -0.280211 -0.144142 -0.126113 -0.049656
2.625000 2.750000 2.875000 0.032589 0.544290 0.602918 0.925410 1.000000 0.934574 0.902337 0.835385 0.687058 0.613330 0.439898 0.271464 0.133838 0.117197 0.041855 -0.066887 -0.158456 -0.207259 -0.133197 -0.154754 -0.217688 -0.278780 -0.314632 -0.323400 -0.167155 -0.149302 -0.061047
2.875000 3.000000 3.125000 0.029275 0.430436 0.492195 0.832576 0.934574 1.000000 0.950062 0.906031 0.803320 0.734369 0.577107 0.407098 0.262685 0.241293 0.154899 0.035149 -0.069510 -0.130506 -0.087702 -0.114665 -0.184338 -0.250645 -0.291263 -0.305118 -0.161010 -0.148603 -0.063488
3.125000 3.250000 3.375000 0.028105 0.378081 0.445083 0.794469 0.902337 0.950062 1.000000 0.931595 0.830379 0.771846 0.628207 0.460319 0.315134 0.294143 0.207369 0.086321 -0.020368 -0.083930 -0.058172 -0.085441 -0.154396 -0.219525 -0.259432 -0.273601 -0.145172 -0.134623 -0.057816
3.375000 3.500000 3.625000 0.026093 0.298529 0.356706 0.696111 0.835385 0.906031 0.931595 1.000000 0.901127 0.839106 0.731673 0.583631 0.444284 0.422227 0.333425 0.210427 0.098649 0.028036 0.012287 -0.018661 -0.091104 -0.158875 -0.202045 -0.222276 -0.123200 -0.120657 -0.055001
3.625000 3.750000 3.875000 0.023761 0.170413 0.227557 0.530976 0.687058 0.803320 0.830379 0.901127 1.000000 0.919680 0.847778 0.752575 0.648123 0.625006 0.544905 0.434606 0.328354 0.255748 0.158635 0.128238 0.062331 -0.000737 -0.044769 -0.072407 -0.049770 -0.057305 -0.029682
3.875000 4.000000 4.125000 0.022616 0.145193 0.203786 0.474498 0.613330 0.734369 0.771846 0.839106 0.919680 1.000000 0.903677 0.814885 0.736723 0.725360 0.655015 0.554893 0.457686 0.388575 0.246477 0.219217 0.160194 0.101908 0.058559 0.027434 0.000992 -0.009384 -0.007812
4.125000 4.250000 4.375000 0.022748 0.031609 0.090863 0.307588 0.439898 0.577107 0.628207 0.731673 0.847778 0.903677 1.000000 0.905440 0.835419 0.830797 0.784969 0.704462 0.620138 0.557311 0.357206 0.334458 0.288038 0.240613 0.201624 0.167852 0.072603 0.057173 0.021714
4.375000 4.500000 4.625000 0.023414 -0.047455 0.013499 0.167033 0.271464 0.407098 0.460319 0.583631 0.752575 0.814885 0.905440 1.000000 0.921331 0.897783 0.875834 0.830740 0.768146 0.715845 0.462713 0.448256 0.420112 0.387786 0.356415 0.322614 0.154226 0.136642 0.058772
4.625000 4.750000 4.875000 0.024843 -0.099077 -0.041036 0.056092 0.133838 0.262685 0.315134 0.444284 0.648123 0.736723 0.835419 0.921331 1.000000 0.940470 0.914362 0.891170 0.854371 0.814124 0.527399 0.519156 0.505756 0.485472 0.460020 0.426824 0.208886 0.189017 0.082609
4.875000 5.000000 5.125000 0.024986 -0.093672 -0.038142 0.047524 0.117197 0.241293 0.294143 0.422227 0.625006 0.725360 0.830797 0.897783 0.940470 1.000000 0.937834 0.896812 0.860454 0.829125 0.539846 0.531874 0.520100 0.502140 0.478193 0.445512 0.219511 0.201367 0.089559
5.125000 5.250000 5.375000 0.026177 -0.135313 -0.065066 -0.003961 0.041855 0.154899 0.207369 0.333425 0.544905 0.655015 0.784969 0.875834 0.914362 0.937834 1.000000 0.942036 0.902665 0.875756 0.575563 0.576628 0.577829 0.570554 0.553049 0.523865 0.263912 0.249268 0.114412
5.375000 5.500000 5.625000 0.028800 -0.194073 -0.115239 -0.090300 -0.066887 0.035149 0.086321 0.210427 0.434606 0.554893 0.704462 0.830740 0.891170 0.896812 0.942036 1.000000 0.952810 0.923423 0.604372 0.616024 0.636536 0.643467 0.633637 0.608333 0.311846 0.300336 0.140308
5.625000 5.750000 5.875000 0.032100 -0.229731 -0.152576 -0.162935 -0.158456 -0.069510 -0.020368 0.098649 0.328354 0.457686 0.620138 0.768146 0.854371 0.860454 0.902665 0.952810 1.000000 0.963205 0.625223 0.639575 0.676642 0.698998 0.697969 0.677270 0.351803 0.344258 0.163299
5.875000 6.000000 6.125000 0.034809 -0.245076 -0.167497 -0.197160 -0.207259 -0.130506 -0.083930 0.028036 0.255748 0.388575 0.557311 0.715845 0.814124 0.829125 0.875756 0.923423 0.963205 1.000000 0.641976 0.654314 0.696303 0.729153 0.737354 0.722897 0.379541 0.376433 0.180855
6.125000 6.250000 6.375000 0.052961 -0.155606 -0.101399 -0.121091 -0.133197 -0.087702 -0.058172 0.012287 0.158635 0.246477 0.357206 0.462713 0.527399 0.539846 0.575563 0.604372 0.625223 0.641976 1.000000 0.440992 0.466036 0.486257 0.493214 0.486448 0.257711 0.258855 0.126055
6.375000 6.500000 6.625000 0.054691 -0.174337 -0.111569 -0.134958 -0.154754 -0.114665 -0.085441 -0.018661 0.128238 0.219217 0.334458 0.448256 0.519156 0.531874 0.576628 0.616024 0.639575 0.654314 0.440992 1.000000 0.501159 0.523755 0.529778 0.523554 0.282245 0.292545 0.147286
6.625000 6.750000 6.875000 0.060392 -0.223802 -0.150336 -0.187421 -0.217688 -0.184338 -0.154396 -0.091104 0.062331 0.160194 0.288038 0.420112 0.505756 0.520100 0.577829 0.636536 0.676642 0.696303 0.466036 0.501159 1.000000 0.600145 0.609093 0.603046 0.330734 0.354740 0.184864
6.875000 7.000000 7.125000 0.068411 -0.274433 -0.191820 -0.241249 -0.278780 -0.250645 -0.219525 -0.158875 -0.000737 0.101908 0.240613 0.387786 0.485472 0.502140 0.570554 0.643467 0.698998 0.729153 0.486257 0.523755 0.600145 1.000000 0.679607 0.679001 0.372183 0.395827 0.203979
7.125000 7.250000 7.375000 0.075906 -0.308965 -0.218157 -0.272454 -0.314632 -0.291263 -0.259432 -0.202045 -0.044769 0.058559 0.201624 0.356415 0.460020 0.478193 0.553049 0.633637 0.697969 0.737354 0.493214 0.529778 0.609093 0.679607 1.000000 0.737133 0.396731 0.393167 0.185621
7.375000 7.500000 7.625000 0.083111 -0.328164 -0.229809 -0.280211 -0.323400 -0.305118 -0.273601 -0.222276 -0.072407 0.027434 0.167852 0.322614 0.426824 0.445512 0.523865 0.608333 0.677270 0.722897 0.486448 0.523554 0.603046 0.679001 0.737133 1.000000 0.410828 0.386725 0.168866
7.625000 7.750000 7.875000 0.171444 -0.178269 -0.122620 -0.144142 -0.167155 -0.161010 -0.145172 -0.123200 -0.049770 0.000992 0.072603 0.154226 0.208886 0.219511 0.263912 0.311846 0.351803 0.379541 0.257711 0.282245 0.330734 0.372183 0.396731 0.410828 1.000000 0.258765 0.137455
7.875000 8.000000 8.125000 0.192350 -0.168114 -0.112004 -0.126113 -0.149302 -0.148603 -0.134623 -0.120657 -0.057305 -0.009384 0.057173 0.136642 0.189017 0.201367 0.249268 0.300336 0.344258 0.376433 0.258855 0.292545 0.354740 0.395827 0.393167 0.386725 0.258765 1.000000 0.267837
8.125000 10.062500 12.000000 0.449398 -0.072930 -0.046407 -0.049656 -0.061047 -0.063488 -0.057816 -0.055001 -0.029682 -0.007817 0.021714 0.058772 0.082609 0.089559 0.114412 0.140308 0.163299 0.180855 0.126055 0.147286 0.184864 0.203979 0.185621 0.168866 0.137455 0.267837 1.000000
