0.000007
0.000080
0.002637
0.000854
0.001497
0.021998
0.002542
0.004456
0.065468
0.005066
0.008881
0.130475
0.008425
0.014768
0.216958
0.012615
0.022114
0.324874
0.017637
0.030917
0.454197
0.023489
0.041176
0.604907
0.030171
0.052890
0.776996
0.037684
0.066059
0.970460
0.046026
0.080683
1.185301
0.055199
0.096763
1.421526
0.065202
0.114300
1.679150
0.076038
0.133294
1.958192
0.087706
0.153748
2.258676
0.100208
0.175664
2.580637
0.113545
0.199044
2.924116
0.127720
0.223893
3.289165
0.142735
0.250215
3.675851
0.158594
0.278015
4.084258
0.175300
0.307301
4.514493
0.192859
0.338082
4.966699
0.211279
0.370372
5.441065
0.230570
0.404189
5.937859
0.250747
0.439559
6.457472
0.271834
0.476524
7.000525
0.293873
0.515159
7.568103
0.316953
0.555618
8.162478
0.341333
0.598357
8.790352
65616478.399790
65618577.545748
65642880.334930
