0.000007
0.000080
0.000848
0.001573
0.002467
0.000168
0.004532
0.004991
0.005949
0.008957
0.012540
0.012368
0.017637
0.022114
0.021014
0.024473
0.030096
0.028517
0.037684
0.041176
0.043551
0.052965
0.055123
0.062727
0.066134
0.067868
0.073562
0.080759
0.087630
0.094363
0.100208
0.113470
0.111900
0.127720
0.132875
0.130894
0.142735
0.153748
0.156119
0.175300
0.175664
0.190384
0.199120
0.211204
0.216958
0.223968
0.230495
0.247815
0.250747
0.271758
0.275615
0.293873
0.307301
0.314478
0.327350
0.338082
0.338858
0.370448
0.404189
0.437159
0.456672
0.476524
0.512759
0.555694
0.598357
0.604907
0.779471
0.972860
1.185301
1.424002
1.681550
1.958192
2.261152
2.583037
2.924116
3.291640
3.678251
4.084258
4.516968
4.969099
5.441065
5.940334
6.459872
7.000525
7.570578
8.164878
8.790352
65616478.399790
65618577.545748
65642880.334930
