0.000000
0.000075
0.002475
0.000854
0.001573
0.024472
0.002542
0.004531
0.067940
0.005066
0.008956
0.132946
0.008424
0.014843
0.219426
0.012615
0.022189
0.327339
0.017636
0.030991
0.456658
0.023488
0.041250
0.607366
0.030170
0.052964
0.779451
0.037682
0.066133
0.972911
0.046025
0.080757
1.187749
0.055197
0.096836
1.423971
0.065201
0.114372
1.681591
0.076036
0.133366
1.960629
0.087704
0.153820
2.261110
0.100206
0.175736
2.583068
0.113543
0.199116
2.926543
0.127718
0.223964
3.291590
0.142733
0.250286
3.678273
0.158591
0.278086
4.086678
0.175297
0.307372
4.516911
0.192857
0.338153
4.969116
0.211277
0.370443
5.443481
0.230567
0.404260
5.940275
0.250744
0.439630
6.459889
0.271831
0.476595
7.002943
0.293871
0.515230
7.570525
0.316951
0.555690
8.164906
0.341332
0.598430
8.792789
73116.139836
128172.593208
1882959.951676
