0.000000
0.000076
0.002483
0.000401
0.000778
0.012809
0.000802
0.001481
0.023130
0.001202
0.002183
0.033447
0.001603
0.002885
0.043760
0.002003
0.003587
0.054071
0.002404
0.004289
0.064380
0.002804
0.004990
0.074687
0.003204
0.005692
0.084992
0.003604
0.006393
0.095295
0.004004
0.007094
0.105597
0.004404
0.007796
0.115897
0.004804
0.008497
0.126197
0.005204
0.009198
0.136495
0.005604
0.009899
0.146792
0.006003
0.010600
0.157089
0.006403
0.011300
0.167385
0.006803
0.012001
0.177680
0.007203
0.012702
0.187974
0.007602
0.013403
0.198267
0.008002
0.014103
0.208560
0.008402
0.014804
0.218853
0.008801
0.015504
0.229145
0.009201
0.016205
0.239436
0.009601
0.016905
0.249727
0.010000
0.017606
0.260018
0.010400
0.018306
0.270308
0.010799
0.019007
0.280598
0.011199
0.019707
0.290888
0.011598
0.020408
0.301178
0.011998
0.021108
0.311467
0.012398
0.021808
0.321756
0.012797
0.022509
0.332045
0.013197
0.023209
0.342333
0.013596
0.023909
0.352622
0.013996
0.024610
0.362910
0.014395
0.025310
0.373198
0.014795
0.026010
0.383486
0.015194
0.026711
0.393774
0.015594
0.027411
0.404062
0.015993
0.028111
0.414350
0.016392
0.028812
0.424638
0.016792
0.029512
0.434926
0.017191
0.030212
0.445214
0.017591
0.030912
0.455503
0.017990
0.031613
0.465791
0.018390
0.032313
0.476079
0.018789
0.033013
0.486367
0.019189
0.033714
0.496656
0.019588
0.034414
0.506945
0.019988
0.035114
0.517233
0.020388
0.035815
0.527522
0.020787
0.036515
0.537812
0.021187
0.037216
0.548101
0.021586
0.037916
0.558391
0.021986
0.038617
0.568681
0.022385
0.039317
0.578972
0.022785
0.040017
0.589262
0.023185
0.040718
0.599553
0.023584
0.041419
0.609845
0.023984
0.042119
0.620137
0.024383
0.042820
0.630429
0.024783
0.043520
0.640722
0.025183
0.044221
0.651016
0.025583
0.044922
0.661310
0.025982
0.045622
0.671605
0.026382
0.046323
0.681900
0.026782
0.047024
0.692196
0.027182
0.047725
0.702493
0.027582
0.048426
0.712790
0.027981
0.049127
0.723089
0.028381
0.049828
0.733388
0.028781
0.050529
0.743689
0.029181
0.051230
0.753990
0.029581
0.051932
0.764293
0.029982
0.052633
0.774596
0.030382
0.053335
0.784902
0.030782
0.054036
0.795208
0.031182
0.054738
0.805517
0.031582
0.055440
0.815827
0.031983
0.056142
0.826139
0.032383
0.056844
0.836452
0.032784
0.057546
0.846769
0.033185
0.058248
0.857088
0.033585
0.058951
0.867409
0.033986
0.059654
0.877734
0.034387
0.060357
0.888062
0.034789
0.061060
0.898395
0.035190
0.061764
0.908732
0.035592
0.062468
0.919075
0.035994
0.063172
0.929424
0.036396
0.063877
0.939781
0.036798
0.064583
0.950147
0.037201
0.065289
0.960525
0.037605
0.065997
0.970920
0.038009
0.066706
0.981336
0.038415
0.067417
0.991786
0.038823
0.068132
1.002293
0.039236
0.068857
1.012934
197.637884
346.459287
5089.770920
