0.000000
0.000076
0.002500
0.000404
0.000784
0.012899
0.000807
0.001491
0.023292
0.001211
0.002199
0.033681
0.001614
0.002906
0.044067
0.002017
0.003612
0.054450
0.002420
0.004319
0.064831
0.002823
0.005025
0.075210
0.003226
0.005732
0.085587
0.003629
0.006438
0.095963
0.004032
0.007144
0.106337
0.004435
0.007850
0.116710
0.004838
0.008556
0.127081
0.005240
0.009262
0.137452
0.005643
0.009968
0.147822
0.006046
0.010674
0.158190
0.006448
0.011380
0.168558
0.006851
0.012085
0.178926
0.007253
0.012791
0.189292
0.007656
0.013497
0.199658
0.008058
0.014202
0.210023
0.008461
0.014908
0.220388
0.008863
0.015613
0.230752
0.009266
0.016319
0.241116
0.009668
0.017024
0.251479
0.010070
0.017730
0.261842
0.010473
0.018435
0.272205
0.010875
0.019140
0.282567
0.011278
0.019846
0.292929
0.011680
0.020551
0.303291
0.012082
0.021256
0.313652
0.012485
0.021962
0.324013
0.012887
0.022667
0.334374
0.013289
0.023372
0.344735
0.013692
0.024077
0.355096
0.014094
0.024783
0.365456
0.014496
0.025488
0.375817
0.014898
0.026193
0.386177
0.015301
0.026898
0.396538
0.015703
0.027604
0.406898
0.016105
0.028309
0.417258
0.016508
0.029014
0.427618
0.016910
0.029719
0.437979
0.017312
0.030424
0.448339
0.017715
0.031130
0.458699
0.018117
0.031835
0.469060
0.018519
0.032540
0.479420
0.018921
0.033245
0.489781
0.019324
0.033951
0.500142
0.019726
0.034656
0.510503
0.020128
0.035361
0.520864
0.020531
0.036066
0.531225
0.020933
0.036772
0.541587
0.021335
0.037477
0.551949
0.021738
0.038182
0.562311
0.022140
0.038888
0.572673
0.022543
0.039593
0.583036
0.022945
0.040299
0.593399
0.023347
0.041004
0.603762
0.023750
0.041710
0.614126
0.024152
0.042415
0.624490
0.024555
0.043121
0.634855
0.024957
0.043826
0.645220
0.025360
0.044532
0.655586
0.025762
0.045237
0.665953
0.026165
0.045943
0.676320
0.026567
0.046649
0.686687
0.026970
0.047355
0.697056
0.027373
0.048060
0.707425
0.027775
0.048766
0.717795
0.028178
0.049472
0.728166
0.028581
0.050178
0.738537
0.028984
0.050884
0.748910
0.029386
0.051590
0.759284
0.029789
0.052297
0.769659
0.030192
0.053003
0.780035
0.030595
0.053709
0.790413
0.030998
0.054416
0.800792
0.031401
0.055122
0.811173
0.031804
0.055829
0.821555
0.032208
0.056536
0.831940
0.032611
0.057243
0.842326
0.033014
0.057950
0.852715
0.033418
0.058658
0.863106
0.033821
0.059365
0.873501
0.034225
0.060073
0.883898
0.034629
0.060781
0.894299
0.035033
0.061489
0.904704
0.035437
0.062198
0.915114
0.035842
0.062907
0.925530
0.036246
0.063616
0.935951
0.036651
0.064326
0.946381
0.037057
0.065037
0.956820
0.037463
0.065748
0.967272
0.037869
0.066460
0.977739
0.038276
0.067175
0.988229
0.038685
0.067891
0.998753
0.039096
0.068611
1.009334
0.039512
0.069340
1.020050
199.026499
199.046529
199.685210
