0.000001
0.000076
0.002500
0.000405
0.000785
0.012900
0.000808
0.001492
0.023293
0.001212
0.002200
0.033682
0.001615
0.002907
0.044068
0.002018
0.003613
0.054451
0.002421
0.004320
0.064832
0.002824
0.005026
0.075211
0.003227
0.005733
0.085588
0.003630
0.006439
0.095964
0.004033
0.007145
0.106338
0.004436
0.007851
0.116711
0.004839
0.008557
0.127082
0.005241
0.009263
0.137453
0.005644
0.009969
0.147823
0.006047
0.010675
0.158191
0.006449
0.011381
0.168559
0.006852
0.012086
0.178927
0.007254
0.012792
0.189293
0.007657
0.013498
0.199659
0.008059
0.014203
0.210024
0.008462
0.014909
0.220389
0.008864
0.015614
0.230753
0.009267
0.016320
0.241117
0.009669
0.017025
0.251480
0.010071
0.017731
0.261843
0.010474
0.018436
0.272206
0.010876
0.019141
0.282568
0.011279
0.019847
0.292930
0.011681
0.020552
0.303292
0.012083
0.021257
0.313653
0.012486
0.021963
0.324014
0.012888
0.022668
0.334375
0.013290
0.023373
0.344736
0.013693
0.024078
0.355097
0.014095
0.024784
0.365457
0.014497
0.025489
0.375818
0.014899
0.026194
0.386178
0.015302
0.026899
0.396539
0.015704
0.027605
0.406899
0.016106
0.028310
0.417259
0.016509
0.029015
0.427619
0.016911
0.029720
0.437980
0.017313
0.030425
0.448340
0.017716
0.031131
0.458700
0.018118
0.031836
0.469061
0.018520
0.032541
0.479421
0.018922
0.033246
0.489782
0.019325
0.033952
0.500143
0.019727
0.034657
0.510504
0.020129
0.035362
0.520865
0.020532
0.036067
0.531226
0.020934
0.036773
0.541588
0.021336
0.037478
0.551950
0.021739
0.038183
0.562312
0.022141
0.038889
0.572674
0.022544
0.039594
0.583037
0.022946
0.040300
0.593400
0.023348
0.041005
0.603763
0.023751
0.041711
0.614127
0.024153
0.042416
0.624491
0.024556
0.043122
0.634856
0.024958
0.043827
0.645221
0.025361
0.044533
0.655587
0.025763
0.045238
0.665954
0.026166
0.045944
0.676321
0.026568
0.046650
0.686688
0.026971
0.047356
0.697057
0.027374
0.048061
0.707426
0.027776
0.048767
0.717796
0.028179
0.049473
0.728167
0.028582
0.050179
0.738538
0.028985
0.050885
0.748911
0.029387
0.051591
0.759285
0.029790
0.052298
0.769660
0.030193
0.053004
0.780036
0.030596
0.053710
0.790414
0.030999
0.054417
0.800793
0.031402
0.055123
0.811174
0.031805
0.055830
0.821556
0.032209
0.056537
0.831941
0.032612
0.057244
0.842327
0.033015
0.057951
0.852716
0.033419
0.058659
0.863107
0.033822
0.059366
0.873502
0.034226
0.060074
0.883899
0.034630
0.060782
0.894300
0.035034
0.061490
0.904705
0.035438
0.062199
0.915115
0.035843
0.062908
0.925531
0.036247
0.063617
0.935952
0.036652
0.064327
0.946382
0.037058
0.065038
0.956821
0.037464
0.065749
0.967273
0.037870
0.066461
0.977740
0.038277
0.067176
0.988230
0.038686
0.067892
0.998754
0.039097
0.068612
1.009335
0.039513
0.069341
1.020051
199.026500
199.046530
199.685211
